radix=10;
coefdata=-0.0009542,0,-0.004771,0,-0.020038,0,-0.060115,0,-0.16031,0,-0.60496,0,0.60496,0,0.16031,0,0.060115,0,0.020038,0,0.004771,0,0.0009542;